欧拉角转换向量
-1.00,0.00,-1.73
向量转换欧拉角
-168.78,30.49,0.00
欧拉角转换四元数
0.82,0.44,0.02,0.36
四元数转换欧拉角
29.75,45.03,59.85
欧拉角转换矩阵
0.986248 0.0818635 -0.143574 0 
-0.0266826 0.936181 0.350505 0 
0.163105 -0.341854 0.925491 0 
0 0 0 1 
矩阵转换欧拉角
9.77,19.89,4.87
矩阵转换四元数
0.18,0.08,0.03,0.98
四元数转换矩阵
0.9854 0.0876 -0.146 0 
-0.03 0.9334 0.3576 0 
0.1676 -0.348 0.9224 0 
0 0 0 1 
欧拉角标准化
-70.00,-40.00,140.00
四元数单位化
0.37,0.55,0.73,0.18
四元数相乘
28.00,-14.00,28.00,-66.00
四元数求差
-0.07,0.25,-0.13,0.58
四元数相乘
4.96,4.02,2.96,0.98
四元数点乘
1.34
四元数求逆
-0.03,-0.05,-0.07,0.02
四元数求角度和旋转轴
angle=133.88,p:0.42,0.63,0.63
四元数求角度和旋转轴
angle=134.17,p:0.49,0.74,0.74
四元数插值
0.16,0.37,0.67,0.62
四元数插值
0.16,0.38,0.67,0.62
