向量转换欧拉角
-161.65,32.33,0.00
欧拉角转换向量
1.00,-2.00,-3.00
欧拉角转换四元数
0.81,0.50,0.30,0.07
四元数转换欧拉角
60.11,50.20,40.16
欧拉角转换矩阵
0.809454,0.186457,0.556793,0,
0.413219,0.49281,-0.76576,0,
-0.417174,0.849925,0.321859,0,
0,0,0,1
矩阵转换欧拉角
60.00,50.00,40.00
四元数转换矩阵
0.8102,0.1866,0.556,0,
0.4134,0.4902,-0.768,0,
-0.416,0.852,0.32,0,
0,0,0,1
矩阵转换四元数
0.81,0.50,0.30,0.07
欧拉角标准化
15.00,90.00,15.00
四元数标准化
0.77,0.59,0.16,0.16
四元数相乘
0.19,0.91,0.25,0.25
四元数求差
0.53,0.33,0.09,0.08
四元数点乘
1.00
四元数求逆
0.78,-0.59,-0.16,-0.16
四元数求角度和旋转轴
angle=79.33,p:0.59,0.16,0.16
四元数插值
0.77,0.59,0.16,0.16
