向量转换欧拉角
-161.65,32.33,0.00
矩阵转换欧拉角
-158.52,30.68,11.32
矩阵转换四元数
0.16,0.04,-0.27,0.95
欧拉角转换向量
1.00,-353.45,567.57
欧拉角转换矩阵
-0.94823,0.169681,0.268455,0,
0,0.845303,-0.534288,0,
-0.317584,-0.506628,-0.801541,0,
0,0,0,1
欧拉角转换四元数
0.15,0.04,-0.27,0.95
欧拉角标准化
120.00,-190.00,150.00
四元数转换矩阵
-0.94917,-0.316228,-0.000264004,0,
0.268356,-0.805074,-0.529808,0,
0.167288,-0.502704,0.84816,0,
0,0,0,1
四元数转换欧拉角
0.10,31.94,161.62
四元数标准化
0.80,-0.16,-0.32,-0.48
四元数相乘
3.00,-24.00,-45.00,-48.00
四元数求差
1.72,-0.41,-0.13,-0.31
四元数点乘
1.00
四元数求逆
0.59,-0.16,-0.16,-0.77
四元数求角度和旋转轴
angle=107.46,p:0.16,0.16,0.77
四元数插值
6.48,-5.49,-6.49,-7.48
